1,1,Le Thanh Tuan Tu,28/01/2003,Male,email1,phone1,address1,C:\Users\DELL\Pictures\Saved Pictures\hs1.png
2,2,Tran Thanh Vu,02/00/2023,Female,email2,phone2,address2,C:\Users\DELL\Pictures\Saved Pictures\hs2.png
6,6,Tran Quoc Trung,02/01/2023,Male,email6,phone66,address6,C:\Users\DELL\Pictures\Saved Pictures\hs5.png
7,7,Le Dinh Van,03/03/2023,Female,email7,phone7,adress7,C:\Users\DELL\Pictures\Saved Pictures\hs4.jpg
8,8,Do Duc Thien,03/03/2023,Male,email8,phone8,address8,C:\Users\DELL\Pictures\Saved Pictures\hs5.png
10,10,tran thanh hoang huy,13/05/2023,Male,emailhoanghuy,298192749,tphcm,C:\Users\DELL\Pictures\Saved Pictures\cr7.jpg